2015-01-01	58	41	67	24	50	1.1	44
2015-01-02	69	51	80	31	60	1.3	38
2015-01-03	197	148	193	67	101	3.2	14
2015-01-04	224	174	225	75	120	3.7	22
2015-01-05	139	107	156	57	70	2.9	67
2015-01-06	51	34	51	22	40	0.8	65
2015-01-07	84	62	89	38	64	1.8	27
2015-01-08	163	124	151	49	92	3	11
2015-01-09	98	73	93	32	61	1.6	55
2015-01-10	195	147	174	55	94	2.8	32
2015-01-11	53	37	55	18	47	0.9	44
2015-01-12	153	117	146	43	72	2.2	25
2015-01-13	206	156	183	54	92	2.8	14
2015-01-14	264	214	251	54	100	3.1	6
2015-01-15	378	328	375	34	111	4.7	6
2015-01-16	146	112	120	9	42	1.6	63
2015-01-17	81	60	71	30	57	1.2	51
2015-01-18	92	68	110	30	52	1.5	69
2015-01-19	62	43	74	25	59	1.3	64
2015-01-20	111	84	108	44	74	2	23
2015-01-21	31	19	23	16	32	0.6	62
2015-01-22	128	98	121	39	80	2	26
2015-01-23	256	206	233	61	121	3.6	13
2015-01-24	126	96	145	33	70	2	26
2015-01-25	178	134	100	16	61	1.7	25
2015-01-26	134	102	106	11	43	1.7	59
2015-01-27	28	17	28	14	29	0.6	56
2015-01-28	52	37	47	21	49	1	41
2015-01-29	85	63	77	22	41	1.2	61
2015-01-30	32	12	21	12	26	0.5	63
2015-01-31	42	30	42	19	43	0.8	49
2015-02-01	102	77	98	41	67	1.9	27
2015-02-02	185	139	156	57	87	2.5	15
2015-02-03	153	117	79	29	61	1.9	69
2015-02-04	36	10	32	9	20	0.4	71
2015-02-05	39	27	35	16	42	0.7	70
2015-02-06	88	65	78	30	72	1.8	45
2015-02-07	37	13	26	10	22	0.4	73
2015-02-08	36	24	32	17	30	0.6	71
2015-02-09	142	109	127	48	79	1.9	40
2015-02-10	161	123	138	47	94	2.4	50
2015-02-11	58	41	56	23	44	1	76
2015-02-12	45	32	42	16	44	0.8	75
2015-02-13	158	121	131	34	83	2.1	49
2015-02-14	286	236	239	55	109	3.2	62
2015-02-15	334	284	308	78	113	4.4	37
2015-02-16	159	121	156	31	54	2.3	69
2015-02-17	41	22	41	10	28	0.5	77
2015-02-18	64	46	57	18	31	0.7	80
2015-02-19	268	218	248	55	42	1.5	60
2015-02-20	183	138	29	9	38	1.4	53
2015-02-21	202	152	172	9	32	1.6	69
2015-02-22	163	42	277	4	14	0.4	73
2015-02-23	82	55	114	21	34	0.8	67
2015-02-24	203	153	213	34	59	2.1	55
2015-02-25	103	77	110	10	32	1.1	80
2015-02-26	39	13	26	6	18	0.4	77
2015-02-27	37	23	37	13	30	0.7	58
2015-02-28	162	123	126	8	40	1.3	33
2015-03-01	70	45	90	12	39	0.9	76
2015-03-02	73	53	82	17	44	1.4	74
2015-03-03	48	8	48	2	10	0.3	76
2015-03-04	41	24	41	12	31	0.6	73
2015-03-05	144	110	129	47	59	1.6	65
2015-03-06	245	195	217	59	82	2.1	57
2015-03-07	281	231	246	41	83	2.4	92
2015-03-08	169	129	148	22	53	1.4	79
2015-03-09	40	7	28	3	14	0.3	79
2015-03-10	45	30	45	13	39	0.8	78
2015-03-11	52	37	52	13	46	1	75
2015-03-12	83	61	79	21	60	1.2	60
2015-03-13	86	64	82	21	60	1.3	80
2015-03-14	127	97	119	40	83	1.9	42
2015-03-15	135	103	198	26	73	1.7	93
2015-03-16	257	207	295	33	85	2	67
2015-03-17	233	183	222	16	57	1.7	102
2015-03-18	69	47	89	12	50	0.8	82
2015-03-19	127	81	203	11	69	1.1	72
2015-03-20	124	44	199	6	46	0.5	98
2015-03-21	77	19	103	4	28	0.3	87
2015-03-22	77	20	104	4	21	0.3	87
2015-03-23	67	34	84	7	43	0.7	89
2015-03-24	102	77	122	29	68	1.8	88
2015-03-25	161	123	158	41	79	1.8	107
2015-03-26	138	105	155	21	56	1	138
2015-03-27	138	83	115	18	55	0.8	128
2015-03-28	163	64	277	8	33	0.5	109
2015-03-29	166	75	282	17	67	1.1	111
2015-03-30	197	148	338	29	63	1.4	129
2015-03-31	202	152	191	21	54	2.3	107
2015-04-01	80	59	78	5	49	0.7	79
2015-04-02	50	35	19	4	26	0.7	88
2015-04-03	62	28	40	4	27	0.6	114
2015-04-04	84	62	75	5	36	0.6	134
2015-04-05	74	53	99	3	30	0.5	104
2015-04-06	38	20	32	2	14	0.3	76
2015-04-07	45	23	39	4	23	0.3	89
2015-04-08	126	96	123	12	49	0.8	99
2015-04-09	212	162	190	17	59	1.2	120
2015-04-10	200	150	186	9	62	1.1	126
2015-04-11	188	141	77	16	46	1.7	130
2015-04-12	44	12	26	2	12	0.3	87
2015-04-13	67	26	39	3	22	0.4	120
2015-04-14	74	54	84	5	54	0.7	114
2015-04-15	168	109	286	14	70	0.9	101
2015-04-16	91	26	132	3	13	0.2	95
2015-04-17	112	67	173	16	55	0.7	100
2015-04-18	182	138	273	27	89	1.5	99
2015-04-19	91	60	133	6	30	0.6	100
2015-04-20	90	67	112	7	43	0.8	127
2015-04-21	90	63	129	8	44	0.6	111
2015-04-22	84	43	100	8	49	0.6	141
2015-04-23	79	54	108	11	49	0.6	115
2015-04-24	103	52	155	7	47	0.6	139
2015-04-25	115	72	158	12	64	0.8	177
2015-04-26	161	98	182	20	53	1	226
2015-04-27	114	81	134	12	46	0.9	175
2015-04-28	78	43	68	5	39	0.7	134
2015-04-29	150	115	136	11	48	1.3	196
2015-04-30	149	114	146	11	43	1.1	209
2015-05-01	165	125	141	13	45	1.1	171
2015-05-02	88	45	68	3	30	0.6	145
2015-05-03	72	40	94	2	24	0.4	113
2015-05-04	66	23	65	4	20	0.3	119
2015-05-05	72	43	94	7	37	0.5	114
2015-05-06	60	19	70	3	24	0.3	100
2015-05-07	89	42	129	6	37	0.6	119
2015-05-08	83	52	115	11	37	1	119
2015-05-09	55	39	52	7	33	1	100
2015-05-10	49	34	35	4	46	1.3	46
2015-05-11	42	24	20	2	30	0.8	84
2015-05-12	54	19	44	2	41	0.5	105
2015-05-13	98	57	133	4	66	0.8	158
2015-05-14	57	20	62	5	29	0.3	108
2015-05-15	67	23	47	3	26	0.4	120
2015-05-16	116	46	96	8	43	0.7	178
2015-05-17	166	126	182	15	43	1.2	165
2015-05-18	75	55	93	3	33	0.5	105
2015-05-19	49	11	49	2	16	0.3	93
2015-05-20	63	16	37	2	22	0.3	116
2015-05-21	91	33	84	6	43	0.5	149
2015-05-22	137	52	89	12	41	0.8	201
2015-05-23	179	95	139	16	53	1	244
2015-05-24	178	115	164	16	56	1.2	243
2015-05-25	203	101	166	24	47	1.2	281
2015-05-26	191	87	149	19	38	0.9	256
2015-05-27	160	92	141	11	33	0.9	225
2015-05-28	151	116	151	23	36	1.2	197
2015-05-29	104	61	94	5	42	0.8	164
2015-05-30	136	54	90	6	39	0.8	200
2015-05-31	153	55	102	15	44	0.9	218
2015-06-01	159	88	166	14	46	1	224
2015-06-02	103	30	63	4	26	0.5	163
2015-06-03	75	32	101	6	36	0.5	128
2015-06-04	70	51	90	7	55	3.4	96
2015-06-05	68	49	52	5	45	6.8	65
2015-06-06	79	25	62	3	32	5	135
2015-06-07	43	14	32	4	30	2.6	86
2015-06-08	69	18	35	4	35	0.5	123
2015-06-09	134	49	87	15	49	1.1	197
2015-06-10	100	75	74	4	34	1.1	154
2015-06-11	48	20	25	3	21	0.6	96
2015-06-12	44	8	22	3	22	0.4	87
2015-06-13	65	11	27	3	18	0.4	118
2015-06-14	98	19	37	3	29	0.5	158
2015-06-15	166	85	121	15	40	1.2	231
2015-06-16	177	104	144	12	50	1.2	242
2015-06-17	126	42	67	3	36	0.8	189
2015-06-18	53	19	32	2	28	0.5	103
2015-06-19	35	14	33	2	24	0.5	70
2015-06-20	103	23	39	2	37	0.6	163
2015-06-21	137	41	73	5	39	0.6	201
2015-06-22	163	90	117	16	38	1.1	228
2015-06-23	231	181	178	15	39	1.7	238
2015-06-24	159	121	123	9	43	1.1	190
2015-06-25	164	125	111	6	51	1	128
2015-06-26	139	106	23	2	24	0.9	200
2015-06-27	120	89	51	4	32	0.8	182
2015-06-28	197	148	57	8	34	1.2	219
2015-06-29	154	118	39	5	42	1.1	178
2015-06-30	52	15	20	2	27	0.4	102
2015-07-01	41	18	38	3	34	0.4	82
2015-07-02	46	8	20	4	28	0.3	92
2015-07-03	116	24	60	11	34	0.9	178
2015-07-04	92	33	59	6	45	0.7	150
2015-07-05	160	62	71	9	36	1	225
2015-07-06	156	69	76	10	33	1.1	221
2015-07-07	160	67	86	7	32	0.9	225
2015-07-08	175	125	132	8	35	1.1	240
2015-07-09	172	72	92	11	37	0.8	237
2015-07-10	145	50	82	9	32	0.7	210
2015-07-11	181	103	126	10	35	1.1	246
2015-07-12	200	108	158	5	46	0.9	267
2015-07-13	176	49	84	3	43	0.6	241
2015-07-14	147	35	65	4	30	0.6	212
2015-07-15	85	34	62	3	47	0.6	142
2015-07-16	54	37	47	2	29	0.7	105
2015-07-17	50	35	43	2	32	0.8	91
2015-07-18	78	47	30	2	26	0.8	134
2015-07-19	89	66	33	2	32	0.9	124
2015-07-20	118	89	144	2	33	0.9	142
2015-07-21	176	133	0	2	33	1.1	151
2015-07-22	110	62	55	2	35	0.7	171
2015-07-23	70	41	54	2	48	0.8	123
2015-07-24	138	50	77	2	46	0.9	201
2015-07-25	158	90	108	3	38	1	223
2015-07-26	151	104	123	4	33	1	216
2015-07-27	130	75	133	3	33	0.9	192
2015-07-28	109	52	76	2	30	0.8	169
2015-07-29	138	86	55	2	35	0.9	201
2015-07-30	75	44	52	2	28	0.9	129
2015-07-31	85	26	41	2	26	0.7	142
2015-08-01	90	67	72	3	47	1.3	100
2015-08-02	102	74	88	2	27	1.2	162
2015-08-03	82	60	33	4	33	1.1	101
2015-08-04	110	21	54	4	32	0.5	171
2015-08-05	127	64	102	3	40	1	189
2015-08-06	119	58	95	2	31	0.8	180
2015-08-07	119	90	0	4	33	1.1	167
2015-08-08	110	40	72	3	34	0.7	171
2015-08-09	152	53	85	3	37	0.8	217
2015-08-10	112	42	80	2	38	0.7	173
2015-08-11	175	91	128	6	36	1.4	240
2015-08-12	161	81	129	4	36	1	226
2015-08-13	202	120	160	7	41	1.3	275
2015-08-14	119	58	95	4	35	0.8	180
2015-08-15	80	22	54	3	36	0.6	135
2015-08-16	201	38	89	6	40	0.7	270
2015-08-17	145	80	161	8	40	1	209
2015-08-18	90	48	82	3	34	0.8	147
2015-08-19	97	51	65	2	38	0.8	156
2015-08-20	100	33	51	2	26	0.6	160
2015-08-21	94	14	37	2	25	0.4	152
2015-08-22	56	17	38	4	20	0.6	107
2015-08-23	53	21	33	4	23	0.8	103
2015-08-24	55	13	28	2	22	0.5	106
2015-08-25	50	14	27	2	23	0.5	99
2015-08-26	61	12	27	2	23	0.4	113
2015-08-27	60	12	26	2	25	0.4	111
2015-08-28	70	16	38	3	24	0.5	124
2015-08-29	118	28	48	2	21	0.6	179
2015-08-30	74	28	32	2	25	0.9	128
2015-08-31	37	25	29	2	25	0.7	73
2015-09-01	34	11	20	2	20	0.5	67
2015-09-02	44	10	19	2	20	0.4	87
2015-09-03	74	15	30	2	19	0.5	128
2015-09-04	64	46	0	3	26	1.5	101
2015-09-05	44	18	20	2	23	0.7	88
2015-09-06	63	17	34	2	30	0.5	115
2015-09-07	84	25	44	3	38	0.7	140
2015-09-08	104	52	82	6	53	0.9	164
2015-09-09	50	32	50	3	40	0.7	94
2015-09-10	37	8	14	2	29	0.4	41
2015-09-11	35	9	16	2	26	0.4	69
2015-09-12	34	9	24	2	27	0.4	68
2015-09-13	57	20	51	3	45	0.6	105
2015-09-14	89	66	105	10	58	0.9	145
2015-09-15	140	105	134	13	62	1.2	204
2015-09-16	169	128	152	8	62	1.2	180
2015-09-17	201	151	166	10	69	1.3	181
2015-09-18	102	76	77	3	49	0.9	110
2015-09-19	69	23	51	3	55	0.6	95
2015-09-20	114	86	112	9	51	1	146
2015-09-21	133	101	134	17	67	1.3	176
2015-09-22	179	135	0	10	60	1.5	108
2015-09-23	57	32	60	2	45	0.7	98
2015-09-24	124	94	102	4	53	1.2	121
2015-09-25	49	22	44	3	39	0.6	82
2015-09-26	74	34	72	7	48	0.7	128
2015-09-27	73	48	85	3	58	0.7	113
2015-09-28	68	49	62	4	46	1.3	59
2015-09-29	62	44	0	3	45	1.1	20
2015-09-30	48	30	0	3	38	0.7	48
2015-10-01	33	14	29	2	25	0.3	65
2015-10-02	59	30	68	3	47	0.6	88
2015-10-03	62	28	69	4	49	0.7	85
2015-10-04	149	114	155	10	77	1.3	125
2015-10-05	272	222	244	9	80	1.7	180
2015-10-06	343	293	327	7	84	2	200
2015-10-07	310	260	83	8	76	1.8	128
2015-10-08	35	11	28	2	23	0.3	70
2015-10-09	39	16	39	3	29	0.4	64
2015-10-10	27	8	23	2	17	0.3	54
2015-10-11	37	10	25	2	21	0.3	73
2015-10-12	60	18	47	3	48	0.5	70
2015-10-13	84	35	73	6	67	0.8	68
2015-10-14	135	103	147	16	96	2	66
2015-10-15	143	109	147	9	91	1.4	123
2015-10-16	253	203	236	13	111	2.1	159
2015-10-17	344	294	0	13	119	2.5	97
2015-10-18	64	46	68	7	41	0.8	50
2015-10-19	78	57	103	6	61	0.9	46
2015-10-20	99	74	113	9	65	1.4	15
2015-10-21	70	51	77	2	41	0.9	28
2015-10-22	54	29	49	2	43	0.7	25
2015-10-23	74	54	77	3	53	0.9	45
2015-10-24	75	55	76	6	53	1	51
2015-10-25	74	37	84	10	59	0.9	23
2015-10-26	63	28	75	2	29	0.5	51
2015-10-27	48	15	48	3	37	0.5	52
2015-10-28	30	8	20	3	24	0.3	57
2015-10-29	30	7	22	3	20	0.3	59
2015-10-30	58	25	52	4	46	0.7	44
2015-10-31	73	43	70	5	58	0.8	42
2015-11-01	98	72	106	7	78	1	39
2015-11-02	102	76	116	8	78	1.4	44
2015-11-03	199	149	181	16	90	1.9	63
2015-11-04	260	210	0	15	108	2	29
2015-11-05	144	110	0	6	53	1	26
2015-11-06	37	20	9	2	29	0.5	38
2015-11-07	37	19	0	2	29	0.5	41
2015-11-08	82	60	89	3	46	0.9	37
2015-11-09	163	124	0	4	56	1.6	7
2015-11-10	175	132	0	4	55	1.6	5
2015-11-11	137	104	0	4	55	1.9	11
2015-11-12	205	155	136	6	60	2.5	3
2015-11-13	258	208	188	15	70	3.1	4
2015-11-14	324	274	298	17	83	3.6	11
2015-11-15	246	196	0	13	70	3.2	31
2015-11-16	79	58	85	10	52	1.5	18
2015-11-17	82	60	86	7	45	1.5	21
2015-11-18	92	68	90	7	45	1.1	9
2015-11-19	102	76	0	4	45	1.7	2
2015-11-20	88	65	0	9	43	2.3	3
2015-11-21	60	43	0	7	41	2.1	4
2015-11-22	69	50	0	7	39	1	33
2015-11-23	39	27	37	10	28	0.7	51
2015-11-24	65	45	0	8	52	1.1	41
2015-11-25	69	50	22	9	37	1.1	52
2015-11-26	55	38	60	11	37	0.9	56
2015-11-27	264	214	245	36	93	2.9	15
2015-11-28	308	258	254	44	102	4	13
2015-11-29	302	252	0	38	108	4.9	21
2015-11-30	450	343	550	24	124	6	11
2015-12-01	476	464	454	35	133	7.9	9
2015-12-02	24	7	22	3	16	0.3	47
2015-12-03	33	10	33	5	16	0.4	47
2015-12-04	54	31	58	12	43	0.9	46
2015-12-05	77	49	85	17	61	1.4	40
2015-12-06	175	132	162	32	88	2.8	11
2015-12-07	230	180	199	36	93	3.5	9
2015-12-08	295	245	246	20	92	4.3	7
2015-12-09	294	244	10	32	94	3.6	9
2015-12-10	127	96	47	15	52	1.8	55
2015-12-11	75	48	86	15	60	1.4	35
2015-12-12	172	130	174	23	86	2.8	12
2015-12-13	229	179	219	39	98	3.9	12
2015-12-14	207	157	27	16	75	2.7	44
2015-12-15	28	7	13	3	16	0.4	56
2015-12-16	23	8	14	4	18	0.5	45
2015-12-17	84	62	91	18	62	1.6	26
2015-12-18	80	58	85	18	64	1.8	35
2015-12-19	168	127	155	29	87	3	12
2015-12-20	249	199	194	27	101	3.6	10
2015-12-21	280	230	284	23	104	4.1	12
2015-12-22	347	297	427	29	103	5.3	10
2015-12-23	305	255	298	21	104	4.7	32
2015-12-24	209	159	275	18	80	2.7	40
2015-12-25	485	477	510	12	141	7.3	13
2015-12-26	315	265	381	9	102	4.9	10
2015-12-27	75	49	100	13	53	1.2	24
2015-12-28	149	114	175	23	79	2.3	16
2015-12-29	329	279	338	34	119	4.4	9
2015-12-30	104	78	39	11	54	1.5	56
2015-12-31	90	66	128	16	72	1.8	25
2016-01-01	226	176	199	33	106	3.4	12
2016-01-02	316	266	299	35	124	4.6	16
2016-01-03	297	247	296	20	83	3.5	22
2016-01-04	53	37	23	6	33	0.9	59
2016-01-05	63	34	76	11	38	0.9	50
2016-01-06	44	25	40	10	35	0.9	54
2016-01-07	35	13	22	6	28	0.6	54
2016-01-08	54	35	55	13	43	0.9	51
2016-01-09	102	76	102	23	74	1.9	26
2016-01-10	69	46	61	20	55	1.5	35
2016-01-11	32	11	22	6	25	0.6	59
2016-01-12	38	14	27	8	30	0.7	55
2016-01-13	62	26	48	14	49	1	47
2016-01-14	98	73	98	27	73	1.9	40
2016-01-15	132	100	127	33	84	2.6	25
2016-01-16	162	123	137	44	71	2.5	15
2016-01-17	53	37	25	9	29	0.8	68
2016-01-18	45	10	45	4	18	0.5	62
2016-01-19	84	62	90	23	62	1.7	39
2016-01-20	153	117	141	56	78	3.4	11
2016-01-21	173	131	130	28	68	2.7	12
2016-01-22	33	13	33	4	16	0.6	65
2016-01-23	47	9	47	4	12	0.6	63
2016-01-24	47	13	47	6	24	0.6	60
2016-01-25	54	28	48	17	43	0.8	50
2016-01-26	56	35	62	18	37	0.8	58
2016-01-27	129	98	112	38	79	2.2	27
2016-01-28	159	121	139	44	80	2.3	37
2016-01-29	84	62	80	36	55	1.8	28
2016-01-30	69	50	65	21	48	1.3	40
2016-01-31	38	18	26	10	30	0.6	66
2016-02-01	40	13	24	9	32	0.6	68
2016-02-02	62	29	40	16	49	0.9	55
2016-02-03	69	35	48	19	55	1.2	43
2016-02-04	36	13	24	8	23	0.5	71
2016-02-05	38	10	32	6	16	0.4	76
2016-02-06	45	31	45	14	36	0.8	70
2016-02-07	69	50	85	23	38	0.9	74
2016-02-08	238	188	263	53	37	1	74
2016-02-09	60	43	53	20	41	1.1	82
2016-02-10	128	97	115	50	65	2.5	50
2016-02-11	202	152	168	42	68	3	26
2016-02-12	192	144	100	18	54	2.2	41
2016-02-13	34	9	14	5	12	0.3	68
2016-02-14	36	7	16	3	11	0.4	72
2016-02-15	46	7	46	4	14	0.3	71
2016-02-16	38	8	36	5	18	0.3	76
2016-02-17	64	46	44	16	48	1.1	73
2016-02-18	42	14	32	5	22	0.4	83
2016-02-19	40	15	33	5	26	0.5	79
2016-02-20	40	16	24	6	22	0.5	79
2016-02-21	108	81	107	26	57	1.5	55
2016-02-22	92	68	74	16	40	1.1	80
2016-02-23	41	11	18	5	17	0.4	81
2016-02-24	49	26	49	9	35	0.7	70
2016-02-25	45	25	44	10	36	0.7	61
2016-02-26	55	36	60	14	40	0.8	69
2016-02-27	45	22	35	9	36	0.6	71
2016-02-28	48	31	48	7	33	0.8	79
2016-02-29	53	35	47	12	42	0.7	70
2016-03-01	158	120	136	30	85	1.9	50
2016-03-02	212	162	190	32	110	2.5	62
2016-03-03	333	283	283	46	119	3.5	50
2016-03-04	365	315	414	47	113	4.3	22
2016-03-05	170	58	290	3	23	0.4	78
2016-03-06	116	73	182	28	68	1.6	41
2016-03-07	70	34	89	10	33	0.9	84
2016-03-08	39	10	25	3	16	0.4	77
2016-03-09	37	10	26	4	16	0.4	73
2016-03-10	49	11	49	4	18	0.4	75
2016-03-11	51	24	52	8	36	0.6	76
2016-03-12	144	110	138	40	82	1.8	44
2016-03-13	48	30	48	9	32	0.6	92
2016-03-14	103	77	118	21	64	1.3	72
2016-03-15	190	143	198	47	79	1.6	56
2016-03-16	300	250	261	38	89	2.2	120
2016-03-17	338	288	298	31	103	2.3	106
2016-03-18	227	177	55	12	64	1.4	112
2016-03-19	88	65	113	17	44	1	76
2016-03-20	89	66	113	10	62	1	86
2016-03-21	163	124	179	21	80	1.2	116
2016-03-22	138	105	207	25	75	1.4	68
2016-03-23	43	16	37	4	26	0.5	85
2016-03-24	44	13	24	3	31	0.4	87
2016-03-25	48	17	38	4	38	0.5	89
2016-03-26	45	12	29	4	27	0.4	90
2016-03-27	47	17	47	4	35	0.4	92
2016-03-28	123	70	195	16	66	0.8	77
2016-03-29	62	19	74	5	33	0.4	96
2016-03-30	63	30	76	9	42	0.6	93
2016-03-31	199	149	239	33	73	1.4	118
2016-04-01	93	35	135	6	26	0.4	95
2016-04-02	43	9	28	3	16	0.2	86
2016-04-03	52	20	54	3	26	0.3	93
2016-04-04	103	77	114	12	48	0.6	121
2016-04-05	148	113	146	19	52	1	142
2016-04-06	192	144	182	30	71	2	96
2016-04-07	108	81	112	4	43	1	90
2016-04-08	71	25	92	5	32	0.4	97
2016-04-09	148	73	245	11	55	0.7	95
2016-04-10	121	54	192	13	43	0.8	95
2016-04-11	77	41	103	9	42	0.6	89
2016-04-12	105	79	104	6	58	0.8	76
2016-04-13	158	120	134	7	64	1	104
2016-04-14	76	32	101	4	28	0.3	108
2016-04-15	80	59	107	16	58	1	91
2016-04-17	46	16	35	2	16	0.3	91
2016-04-18	50	19	39	3	25	0.3	100
2016-04-19	98	73	104	20	65	1.3	64
2016-04-20	92	68	102	8	44	0.9	121
2016-04-21	127	96	165	7	58	0.9	124
2016-04-22	74	33	97	2	23	0.3	108
2016-04-23	54	23	58	4	30	0.3	97
2016-04-24	113	85	149	22	53	0.9	152
2016-04-25	119	90	141	14	34	0.7	172
2016-04-26	95	71	124	26	44	1.4	141
2016-04-27	120	91	134	9	62	1.1	115
2016-04-28	122	81	100	7	49	1	184
2016-04-29	168	127	160	17	65	1.4	185
2016-04-30	209	159	168	10	58	1.4	232
2016-05-01	234	184	166	26	43	2.3	236
2016-05-02	82	50	103	2	20	0.5	138
2016-05-03	60	23	70	2	29	0.4	101
2016-05-04	68	29	59	4	49	0.5	121
2016-05-05	102	62	153	14	43	0.9	129
2016-05-06	116	57	182	2	13	0.2	100
2016-05-07	74	23	55	3	29	0.3	128
2016-05-08	97	60	103	15	44	0.7	156
2016-05-09	64	36	64	4	39	0.5	116
2016-05-10	100	43	76	4	36	0.5	160
2016-05-11	200	150	166	12	36	1.1	177
2016-05-12	62	34	45	3	28	0.5	114
2016-05-13	73	32	60	6	43	0.6	127
2016-05-14	58	41	33	3	35	0.5	84
2016-05-15	49	34	33	2	36	0.5	87
2016-05-16	75	24	59	3	43	0.5	129
2016-05-17	162	58	104	11	52	0.6	227
2016-05-18	134	61	101	9	35	0.5	197
2016-05-19	184	86	118	15	38	0.8	249
2016-05-20	171	88	110	20	49	1.1	236
2016-05-21	150	68	83	18	47	0.8	215
2016-05-22	142	49	87	8	51	0.7	206
2016-05-23	95	61	106	14	45	0.9	153
2016-05-24	75	19	44	3	28	0.4	129
2016-05-25	66	13	31	3	25	0.3	119
2016-05-26	63	22	61	2	31	0.3	115
2016-05-27	122	48	104	12	50	0.6	184
2016-05-28	138	48	87	10	38	0.7	201
2016-05-29	95	33	76	5	30	0.5	153
2016-05-30	204	82	147	16	51	1.1	283
2016-05-31	138	45	115	11	36	0.8	201
2016-06-01	108	37	73	6	42	0.7	168
2016-06-02	156	53	88	9	51	0.8	221
2016-06-03	160	82	125	21	61	1.2	225
2016-06-04	179	87	127	16	38	0.9	244
2016-06-05	161	71	98	14	38	0.9	226
2016-06-06	189	87	119	7	32	0.9	254
2016-06-07	127	60	0	2	25	0.8	189
2016-06-08	170	129	129	3	36	1.2	223
2016-06-09	153	106	140	7	33	1	218
2016-06-10	123	52	32	2	20	0.6	185
2016-06-11	64	12	30	2	25	0.4	116
2016-06-12	146	71	100	7	33	1	210
2016-06-13	96	47	0	2	28	0.6	155
2016-06-14	50	35	44	2	26	0.6	95
2016-06-15	92	19	40	2	30	0.5	150
2016-06-16	90	26	59	2	47	0.6	148
2016-06-17	59	24	56	2	47	0.6	103
2016-06-18	145	42	72	4	44	0.7	209
2016-06-19	149	65	98	5	39	0.8	213
2016-06-20	166	85	101	5	28	1	231
2016-06-21	175	85	89	2	30	0.9	240
2016-06-22	150	56	85	2	32	0.7	214
2016-06-23	117	76	102	6	38	1.1	178
2016-06-24	70	13	30	2	30	0.6	123
2016-06-25	59	18	38	2	32	0.4	110
2016-06-26	140	41	77	5	42	0.5	203
2016-06-27	98	60	88	7	39	0.7	157
2016-06-28	98	73	0	2	32	0.7	118
2016-06-29	145	111	0	2	33	0.9	166
2016-06-30	130	60	57	2	33	0.7	192
2016-07-01	82	14	32	2	25	0.4	138
2016-07-02	119	47	71	3	38	0.7	180
2016-07-03	137	83	108	8	43	1	200
2016-07-04	173	131	110	5	32	1.2	216
2016-07-05	161	96	104	5	30	1	226
2016-07-06	155	74	106	5	35	0.9	220
2016-07-07	177	110	125	8	33	1.2	242
2016-07-08	146	91	104	5	34	1.2	210
2016-07-09	143	83	93	4	32	0.8	207
2016-07-10	137	91	86	4	28	0.8	200
2016-07-11	129	86	98	7	29	0.7	191
2016-07-12	52	29	54	4	29	0.6	94
2016-07-13	112	20	43	3	32	0.5	173
2016-07-14	80	35	0	4	42	0.8	135
2016-07-15	52	36	40	2	30	0.7	77
2016-07-16	54	38	53	3	40	0.8	82
2016-07-17	154	79	97	3	42	1.1	219
2016-07-18	139	106	130	4	52	1.3	137
2016-07-19	133	101	0	2	44	1.3	53
2016-07-20	48	33	7	2	18	0.7	57
2016-07-21	40	28	39	2	27	0.8	53
2016-07-22	100	75	81	2	32	1.1	154
2016-07-23	158	120	174	2	34	1.2	180
2016-07-24	131	73	118	3	34	0.9	194
2016-07-25	57	40	38	3	29	0.8	108
2016-07-26	93	21	48	3	24	0.6	151
2016-07-27	168	47	0	2	35	0.7	233
2016-07-28	128	50	81	2	31	0.7	190
2016-07-29	158	120	139	2	30	1.3	217
2016-07-30	170	129	48	2	32	1.6	87
2016-07-31	77	56	82	2	32	1	102
2016-08-01	109	71	100	3	30	1.3	169
2016-08-02	96	49	58	2	31	1	155
2016-08-03	153	59	80	3	35	1	218
2016-08-04	155	101	114	2	33	1.4	220
2016-08-05	103	66	88	3	29	0.8	163
2016-08-06	129	98	96	2	32	1	162
2016-08-07	69	20	34	2	19	0.6	122
2016-08-08	95	32	48	3	26	0.8	154
2016-08-09	135	46	70	6	37	1.2	198
2016-08-10	112	84	97	3	27	0.9	158
2016-08-11	114	86	100	3	29	0.9	156
2016-08-12	79	58	73	4	38	0.9	72
2016-08-13	50	22	35	3	40	0.7	45
2016-08-14	104	22	48	3	38	0.6	164
2016-08-15	45	20	42	2	29	0.6	89
2016-08-16	96	24	41	2	32	0.6	155
2016-08-17	87	64	0	3	58	1	47
2016-08-18	99	74	0	2	42	1.6	43
2016-08-19	67	19	42	2	25	0.9	120
2016-08-20	134	54	70	2	38	1	197
2016-08-21	179	54	74	3	40	1	244
2016-08-22	103	50	66	4	32	0.9	163
2016-08-23	95	71	91	6	42	0.9	135
2016-08-24	109	82	110	3	48	1.1	133
2016-08-25	34	17	23	2	24	0.4	67
2016-08-26	45	11	29	2	33	0.4	90
2016-08-27	48	15	39	3	38	0.4	81
2016-08-28	46	12	32	2	34	0.3	92
2016-08-29	66	19	47	3	45	0.5	119
2016-08-30	109	30	65	3	48	0.6	169
2016-08-31	50	16	37	3	40	0.5	88
2016-09-01	39	8	31	3	31	0.3	72
2016-09-02	39	12	34	2	31	0.4	56
2016-09-03	86	21	45	2	35	0.5	143
2016-09-04	106	79	0	5	44	1	166
2016-09-05	54	28	58	2	33	0.5	94
2016-09-06	0	0	0	0	0	0	0
2016-09-07	87	40	65	5	41	0.7	144
2016-09-08	55	23	46	2	44	0.6	105
2016-09-09	53	18	39	3	42	0.5	68
2016-09-10	54	17	44	3	43	0.5	92
2016-09-11	65	32	48	2	29	0.8	117
2016-09-12	72	34	51	2	38	0.8	126
2016-09-13	118	89	98	3	53	1.1	137
2016-09-14	130	99	102	4	50	1.1	174
2016-09-15	111	79	100	4	42	0.9	172
2016-09-16	172	130	125	4	39	1.1	187
2016-09-17	57	40	0	2	37	0.8	49
2016-09-18	42	23	22	2	33	0.6	18
2016-09-19	44	12	29	2	35	0.4	74
2016-09-20	59	21	44	3	47	0.5	95
2016-09-21	97	68	117	5	77	1	44
2016-09-22	137	104	129	7	59	1.1	113
2016-09-23	168	127	172	3	49	1.2	182
2016-09-24	156	119	203	4	54	1.1	174
2016-09-25	211	161	193	4	49	1.5	96
2016-09-26	80	59	109	2	46	1.2	61
2016-09-27	33	23	29	2	24	0.6	59
2016-09-28	50	16	38	3	40	0.4	58
2016-09-29	75	53	90	5	60	0.7	95
2016-09-30	135	103	138	7	76	0.9	145
2016-10-01	220	170	202	11	86	1.3	118
2016-10-02	233	183	201	6	72	1.4	132
2016-10-03	159	121	140	3	58	1.1	132
2016-10-04	47	31	44	3	37	1.1	34
2016-10-05	83	61	91	2	42	1.2	57
2016-10-06	95	71	0	4	48	1.6	11
2016-10-07	55	39	17	2	43	1.6	15
2016-10-08	33	13	29	2	26	0.5	60
2016-10-09	67	33	64	4	53	0.7	33
2016-10-10	122	92	127	10	79	1.2	31
2016-10-11	149	114	130	8	65	1.4	62
2016-10-12	107	80	102	6	64	1.2	51
2016-10-13	206	156	189	5	75	1.6	78
2016-10-14	292	242	258	6	93	2	73
2016-10-15	236	186	226	4	88	1.9	4
2016-10-16	153	117	137	3	58	1	55
2016-10-17	85	63	101	2	53	0.9	61
2016-10-18	160	122	158	6	72	1.8	10
2016-10-19	278	228	228	5	83	2.3	38
2016-10-20	115	87	0	6	54	1.4	27
2016-10-21	60	43	0	2	39	0.8	33
2016-10-22	38	15	25	2	30	0.6	36
2016-10-23	55	28	52	4	44	0.6	38
2016-10-24	87	64	113	3	58	1.2	4
2016-10-25	133	101	135	3	74	1.5	8
2016-10-26	69	42	88	4	50	0.8	46
2016-10-27	63	30	66	5	50	1	11
2016-10-28	38	11	29	2	30	0.4	58
2016-10-29	59	26	62	4	47	0.6	42
2016-10-30	66	44	81	5	42	0.8	54
2016-10-31	29	9	25	4	19	0.3	57
2016-11-01	69	45	74	9	55	0.7	37
2016-11-02	140	107	149	10	82	1.5	23
2016-11-03	243	193	241	9	104	2.6	11
2016-11-04	292	242	271	6	119	3.4	12
2016-11-05	230	180	203	5	95	3.1	36
2016-11-06	95	71	97	10	56	1.2	40
2016-11-07	53	37	43	3	39	0.8	50
2016-11-08	67	39	71	7	53	0.8	36
2016-11-09	208	158	194	14	86	2.5	5
2016-11-10	199	149	178	8	70	1.8	15
2016-11-11	110	83	124	7	65	1.7	16
2016-11-12	100	75	124	10	66	1.5	28
2016-11-13	132	100	165	11	72	2.3	4
2016-11-14	62	39	73	4	35	0.9	61
2016-11-15	79	45	84	13	63	1.5	23
2016-11-16	132	100	147	16	80	2.2	21
2016-11-17	149	114	165	22	70	2.5	6
2016-11-18	242	192	280	19	87	3.7	3
2016-11-19	165	125	133	9	65	1.8	49
2016-11-20	70	51	0	4	41	1.1	25
2016-11-21	30	10	21	3	15	0.4	60
2016-11-22	28	8	21	4	21	0.4	55
2016-11-23	44	19	33	8	35	0.6	43
2016-11-24	102	76	107	18	70	1.5	25
2016-11-25	214	164	205	24	97	2.6	8
2016-11-26	315	265	361	22	117	3.5	13
2016-11-27	68	49	80	7	45	0.9	58
2016-11-28	97	63	101	18	77	1.7	16
2016-11-29	129	98	146	26	81	2.6	4
2016-11-30	117	88	128	15	67	2.1	53
2016-12-01	60	33	56	9	48	0.8	57
2016-12-02	129	98	131	19	85	2.1	17
2016-12-03	259	209	272	24	113	3.4	10
2016-12-04	302	252	284	18	104	3.6	17
2016-12-05	60	43	50	8	43	1	61
2016-12-06	112	84	128	21	92	2.3	11
2016-12-07	170	129	169	23	100	2.7	15
2016-12-08	114	86	119	11	53	1.7	66
2016-12-09	54	25	45	9	43	0.8	48
2016-12-10	80	49	74	14	64	1.4	24
2016-12-11	219	169	204	35	101	3.5	8
2016-12-12	271	221	240	39	103	3	15
2016-12-13	68	49	32	9	50	1.2	43
2016-12-14	58	28	51	11	46	0.8	43
2016-12-15	54	27	53	10	43	0.9	59
2016-12-16	149	114	149	22	92	2.2	14
2016-12-17	246	196	224	32	104	3.3	11
2016-12-18	271	221	239	25	102	3.5	14
2016-12-19	273	223	253	22	111	4.1	14
2016-12-20	418	376	415	8	135	8	6
2016-12-21	431	396	415	12	155	8	9
2016-12-22	79	58	57	6	35	1.3	59
2016-12-23	62	34	65	9	49	0.8	39
2016-12-24	160	122	152	26	90	2.7	10
2016-12-25	195	146	168	30	96	2.8	5
2016-12-26	59	41	45	15	47	0.9	50
2016-12-27	59	42	63	9	45	0.9	51
2016-12-28	87	64	64	10	42	1.1	45
2016-12-29	88	65	94	12	53	1.1	31
2016-12-30	262	212	255	19	100	3.3	8
2016-12-31	351	301	356	21	129	4.6	8
2017-01-01	470	454	512	8	141	6.8	6
2017-01-02	248	198	190	13	102	3.8	38
2017-01-03	348	311	339	17	153	6	17
2017-01-04	389	364	389	19	153	7.5	13
2017-01-05	270	223	222	16	115	5.3	11
2017-01-06	248	199	183	23	110	4.3	14
2017-01-07	220	167	128	18	83	3.3	11
2017-01-08	50	34	20	10	34	1	54
2017-01-09	50	36	43	7	40	0.8	47
2017-01-10	42	25	39	8	36	0.7	61
2017-01-11	95	58	79	19	75	1.7	19
2017-01-12	63	41	59	12	50	1	46
2017-01-13	34	8	21	6	23	0.4	69
2017-01-14	56	20	39	11	45	0.9	52
2017-01-15	71	53	70	11	50	1	31
2017-01-16	121	96	108	19	68	1.8	8
2017-01-17	180	137	142	21	75	2.2	21
2017-01-18	62	38	51	11	52	0.9	39
2017-01-19	70	45	86	14	37	1.2	63
2017-01-20	43	25	37	9	36	0.8	57
2017-01-21	49	24	46	9	29	0.8	72
2017-01-22	52	26	36	12	42	0.9	49
2017-01-23	58	36	46	14	50	1	44
2017-01-24	114	90	101	29	77	2.1	29
2017-01-25	224	178	177	39	95	3.3	30
2017-01-26	209	155	164	26	62	2.7	70
2017-01-27	87	78	111	24	31	0.8	77
2017-01-28	398	345	426	84	71	2.7	26
2017-01-29	56	30	65	8	15	0.7	68
2017-01-30	40	29	35	11	22	0.6	72
2017-01-31	104	77	84	27	43	1.3	57
2017-02-01	51	38	57	16	29	0.6	62
2017-02-02	103	83	98	30	63	1.6	50
2017-02-03	210	166	179	45	87	2.7	49
2017-02-04	305	245	240	48	94	3.4	52
2017-02-05	43	12	14	7	25	0.5	86
2017-02-06	36	15	26	8	31	0.5	68
2017-02-07	103	80	93	21	62	1.6	40
2017-02-08	49	30	44	7	25	0.8	76
2017-02-09	38	7	20	3	12	0.3	76
2017-02-10	42	7	23	3	17	0.4	85
2017-02-11	65	53	80	21	49	1	77
2017-02-12	137	107	139	42	81	2.4	43
2017-02-13	108	85	107	25	70	2.1	70
2017-02-14	230	185	188	32	101	2.9	20
2017-02-15	281	243	220	38	112	3.2	49
2017-02-16	135	100	95	18	53	1.4	66
2017-02-17	41	24	41	8	32	0.6	80
2017-02-18	113	88	124	27	77	1.7	52
2017-02-19	128	94	139	23	59	1.5	83
2017-02-20	36	13	34	5	27	0.5	72
2017-02-21	82	62	74	15	59	1.3	31
2017-02-22	103	76	64	7	40	1.1	68
2017-02-23	41	19	30	7	36	0.6	78
2017-02-24	57	25	37	9	47	0.8	76
2017-02-25	43	11	22	6	32	0.5	86
2017-02-26	66	29	47	10	54	0.8	72
2017-02-27	97	67	96	17	80	1.5	54
2017-02-28	43	14	28	6	34	0.6	87
2017-03-01	47	8	37	3	13	0.4	94
2017-03-02	67	40	80	13	54	0.9	70
2017-03-03	111	82	138	23	68	1.5	60
2017-03-04	113	87	108	26	74	1.7	82
2017-03-05	42	12	30	4	19	0.4	84
2017-03-06	45	17	43	6	34	0.7	81
2017-03-07	40	7	23	3	15	0.4	80
2017-03-08	45	10	30	3	24	0.5	90
2017-03-09	46	13	35	4	39	0.5	83
2017-03-10	77	34	65	12	64	0.9	88
2017-03-11	65	44	80	15	48	0.9	89
2017-03-12	44	7	27	3	13	0.3	88
2017-03-13	43	11	28	5	32	0.5	87
2017-03-14	51	21	52	8	43	0.6	85
2017-03-15	86	65	96	22	69	1.2	77
2017-03-16	148	115	156	25	88	1.4	83
2017-03-17	160	125	162	19	71	1.1	81
2017-03-18	190	146	162	16	68	1.2	139
2017-03-19	273	222	217	33	81	2.1	150
2017-03-20	182	137	126	19	75	1.4	60
2017-03-21	113	87	123	7	48	0.8	98
2017-03-22	175	140	178	19	81	1.3	74
2017-03-23	160	121	90	6	60	1.7	52
2017-03-24	80	60	31	2	49	1	50
2017-03-25	48	34	28	3	36	0.8	82
2017-03-26	44	12	27	3	23	0.4	89
2017-03-27	43	17	34	3	37	0.4	87
2017-03-28	80	60	93	9	54	0.7	100
2017-03-29	148	118	141	11	65	0.9	111
2017-03-30	114	86	129	16	57	1.2	85
2017-03-31	47	20	42	4	34	0.5	86
2017-04-01	67	31	78	7	52	0.6	88
2017-04-02	91	68	112	14	72	1.1	97
2017-04-03	165	125	170	21	78	1.3	159
2017-04-04	174	130	147	20	62	1.2	90
2017-04-05	81	61	57	5	30	0.6	129
2017-04-06	125	98	106	6	47	0.9	123
2017-04-07	100	76	120	8	48	0.8	76
2017-04-08	86	76	136	7	60	0.9	64
2017-04-09	87	64	100	7	46	1	98
2017-04-10	90	66	119	9	59	0.8	72
2017-04-11	58	26	66	3	35	0.4	90
2017-04-12	70	30	94	5	53	0.6	97
2017-04-13	91	54	135	14	66	1.1	77
2017-04-14	93	60	136	6	67	0.9	99
2017-04-15	70	36	86	5	52	0.5	119
2017-04-16	124	97	176	17	72	1	110
2017-04-17	168	123	210	8	56	1	97
2017-04-18	65	24	80	2	23	0.3	94
2017-04-19	87	45	122	7	71	0.9	35
2017-04-20	71	36	88	3	44	0.7	90
2017-04-21	54	19	58	2	23	0.3	104
2017-04-22	87	44	122	8	44	0.5	122
2017-04-23	62	24	72	4	24	0.4	115
2017-04-24	66	31	79	5	31	0.5	111
2017-04-25	38	13	39	3	26	0.3	77
2017-04-26	51	14	38	3	30	0.4	102
2017-04-27	54	15	49	2	36	0.4	105
2017-04-28	62	23	64	3	40	0.4	115
2017-04-29	76	40	103	3	43	0.5	127
2017-04-30	105	48	158	5	44	0.5	141
2017-05-01	81	39	111	8	46	0.7	123
2017-05-02	132	64	132	10	54	1	196
2017-05-03	93	69	107	9	47	0.9	118
2017-05-04	500	0	0	2	23	0.3	96
2017-05-05	342	181	406	4	24	0.4	88
2017-05-06	71	34	94	3	38	0.4	113
2017-05-07	85	28	75	5	41	0.4	142
2017-05-08	101	56	113	8	55	0.6	162
2017-05-09	100	43	93	7	26	0.5	160
2017-05-10	81	39	69	4	32	0.5	138
2017-05-11	91	31	134	3	33	0.4	96
2017-05-12	111	45	170	5	26	0.5	144
2017-05-13	61	19	67	2	18	0.3	91
2017-05-14	70	12	35	2	16	0.3	124
2017-05-15	81	23	62	7	26	0.6	138
2017-05-16	124	43	90	10	30	0.6	187
2017-05-17	185	62	133	10	39	0.7	250
2017-05-18	201	86	152	11	52	0.9	275
2017-05-19	187	85	150	11	44	0.8	252
2017-05-20	171	57	122	8	40	0.8	236
2017-05-21	116	57	94	12	27	1	178
2017-05-22	53	37	46	7	37	1.1	54
2017-05-23	71	18	32	2	34	0.5	126
2017-05-24	84	17	54	3	45	0.4	141
2017-05-25	104	22	83	5	39	0.6	165
2017-05-26	154	45	97	9	51	0.6	219
2017-05-27	196	69	117	21	47	1.4	261
2017-05-28	194	87	135	17	36	1.5	259
2017-05-29	69	28	88	8	27	0.7	101
2017-05-30	101	42	70	2	39	0.7	162
2017-05-31	140	65	104	4	45	0.8	205
2017-06-01	123	23	57	4	30	0.6	186
2017-06-02	57	23	65	12	40	1	74
2017-06-03	83	29	56	5	38	0.7	140
2017-06-04	141	48	93	11	51	0.7	206
2017-06-05	149	65	115	17	61	1	214
2017-06-06	51	37	32	2	25	0.6	96
2017-06-07	91	47	50	4	32	0.7	150
2017-06-08	70	25	54	2	55	0.6	124
2017-06-09	148	29	90	5	51	0.7	213
2017-06-10	82	21	69	11	34	0.8	139
2017-06-11	124	33	85	7	49	0.7	187
2017-06-12	88	34	78	17	45	1.2	146
2017-06-13	93	40	62	5	44	0.9	152
2017-06-14	123	37	60	3	48	0.8	186
2017-06-15	155	38	95	4	54	0.7	220
2017-06-16	158	59	131	7	41	0.7	223
2017-06-17	200	82	159	12	37	0.9	267
2017-06-18	197	70	124	11	31	0.9	262
2017-06-19	154	37	70	3	27	0.6	219
2017-06-20	156	32	64	3	26	0.7	221
2017-06-21	161	48	79	8	28	0.9	226
2017-06-22	50	33	29	2	25	0.8	101
2017-06-23	51	19	12	2	20	0.7	102
2017-06-24	65	21	26	2	23	0.6	119
2017-06-25	108	26	43	2	33	0.5	169
2017-06-26	134	24	44	2	39	0.5	198
2017-06-27	200	70	96	7	40	0.9	270
2017-06-28	189	98	125	8	43	1.3	254
2017-06-29	139	52	77	3	34	0.9	203
2017-06-30	200	72	113	3	39	0.9	267
2017-07-01	198	89	132	5	42	1	263
2017-07-02	189	88	108	7	33	1.1	254
2017-07-03	122	61	72	3	30	0.9	185
2017-07-04	96	48	51	3	39	0.9	156
2017-07-05	134	82	80	3	38	1.1	198
2017-07-06	96	70	79	4	32	1.5	93
2017-07-07	113	32	38	3	20	0.8	175
2017-07-08	161	41	61	2	31	0.7	226
2017-07-09	169	73	94	3	29	1.1	234
2017-07-10	136	25	55	2	34	0.6	200
2017-07-11	208	48	94	4	44	0.9	311
2017-07-12	191	74	132	4	41	1	256
2017-07-13	131	63	90	3	25	0.8	195
2017-07-14	127	34	63	3	34	0.7	190
2017-07-15	97	40	45	3	27	1	157
2017-07-16	175	67	83	3	34	1.2	240
2017-07-17	120	54	68	3	28	1.1	182
2017-07-18	88	60	61	3	27	0.9	146
2017-07-19	110	75	74	3	25	0.8	171
2017-07-20	127	99	105	3	31	0.8	174
2017-07-21	53	22	23	2	27	0.7	104
2017-07-22	38	23	34	2	31	0.7	77
2017-07-23	60	44	59	2	39	0.8	106
2017-07-24	57	40	54	2	41	0.8	43
2017-07-25	80	32	52	4	34	0.9	137
2017-07-26	43	22	34	3	32	0.7	86
2017-07-27	64	40	66	3	48	1	117
2017-07-28	70	28	56	3	44	0.8	125
2017-07-29	91	31	58	2	38	0.7	150
2017-07-30	129	38	66	3	35	0.7	192
2017-07-31	200	80	101	3	36	1	265
2017-08-01	90	66	72	2	30	1	144
2017-08-02	51	34	42	4	25	1.1	90
2017-08-03	90	23	57	3	21	0.7	149
2017-08-04	112	21	43	3	38	0.6	174
2017-08-05	136	27	57	3	34	0.7	200
2017-08-06	78	17	34	2	31	0.5	134
2017-08-07	88	11	35	3	31	0.5	146
2017-08-08	162	29	69	3	39	0.7	227
2017-08-09	101	24	34	2	27	0.6	162
2017-08-10	125	65	83	3	33	0.8	188
2017-08-11	119	88	95	3	38	1.2	139
2017-08-12	46	31	35	3	38	0.8	79
2017-08-13	57	40	47	2	37	0.9	99
2017-08-14	93	28	39	2	27	0.8	152
2017-08-15	106	55	75	2	32	1	167
2017-08-16	85	56	67	3	37	0.9	142
2017-08-17	92	23	35	2	28	0.7	151
2017-08-18	72	53	68	3	55	1.2	123
2017-08-19	70	42	43	2	33	1	124
2017-08-20	99	60	69	3	38	1.2	159
2017-08-21	133	72	94	2	39	1.1	197
2017-08-22	98	72	81	3	35	1	97
2017-08-23	57	20	32	2	28	0.7	109
2017-08-24	47	13	37	3	38	0.6	82
2017-08-25	47	10	38	3	39	0.5	80
2017-08-26	60	15	56	3	49	0.6	52
2017-08-27	38	17	26	3	28	0.6	76
2017-08-28	34	19	23	3	28	0.6	68
2017-08-29	49	17	50	3	37	0.5	87
2017-08-30	91	52	87	4	44	0.9	150
2017-08-31	107	83	99	2	35	0.9	120
2017-09-01	182	139	145	3	41	1.5	143
2017-09-02	138	103	105	3	34	1.2	139
2017-09-03	100	58	81	4	32	0.9	160
2017-09-04	116	88	107	4	36	1	158
2017-09-05	56	39	85	3	37	0.7	85
2017-09-06	68	16	53	3	41	0.5	122
2017-09-07	146	48	105	3	49	0.8	211
2017-09-08	189	118	152	4	43	1.3	254
2017-09-09	132	101	119	7	33	1.8	181
2017-09-10	122	86	107	2	41	1.2	82
2017-09-11	50	20	43	2	41	0.5	89
2017-09-12	68	23	65	2	48	0.6	122
2017-09-13	123	74	125	5	59	1.2	186
2017-09-14	112	85	118	4	52	1.1	160
2017-09-15	80	60	102	4	64	0.9	121
2017-09-16	122	91	124	4	63	1.1	153
2017-09-17	43	11	47	3	36	0.4	87
2017-09-18	80	23	73	3	58	0.6	136
2017-09-19	57	13	48	3	47	0.5	83
2017-09-20	58	14	58	3	50	0.5	91
2017-09-21	97	59	124	8	79	1	139
2017-09-22	70	23	94	2	41	0.5	83
2017-09-23	120	50	192	7	75	0.9	108
2017-09-24	102	64	157	4	63	1.1	143
2017-09-25	100	76	127	8	47	1.5	136
2017-09-26	66	48	77	2	43	0.7	56
2017-09-27	61	28	61	4	49	1	30
2017-09-28	36	10	37	3	30	0.4	66
2017-09-29	90	45	103	5	73	0.8	68
2017-09-30	142	113	154	4	69	1.2	112
2017-10-01	95	69	89	2	49	0.8	83
2017-10-02	44	13	43	3	35	0.6	36
2017-10-03	42	16	39	2	35	0.5	53
2017-10-04	55	30	62	4	40	0.6	70
2017-10-05	75	55	78	5	41	0.8	88
2017-10-06	90	67	88	5	50	0.8	91
2017-10-07	145	114	128	3	75	1.2	14
2017-10-08	164	123	102	2	69	1.3	7
2017-10-09	41	29	24	3	30	0.7	35
2017-10-10	25	6	7	3	20	0.4	41
2017-10-11	35	11	20	3	29	0.5	43
2017-10-12	50	22	37	2	40	0.5	40
2017-10-13	61	38	54	2	50	0.8	53
2017-10-14	55	15	33	2	43	0.7	20
2017-10-15	67	50	53	3	42	1.1	47
2017-10-16	55	41	54	3	42	1	58
2017-10-17	92	70	77	3	50	1.2	48
2017-10-18	90	69	44	2	47	1.2	27
2017-10-19	75	56	40	2	39	1.2	59
2017-10-20	128	98	79	2	48	1.5	59
2017-10-21	100	73	71	3	38	1.3	72
2017-10-22	56	39	48	5	45	1	20
2017-10-23	50	36	43	2	39	0.7	52
2017-10-24	92	70	72	3	47	1	65
2017-10-25	140	110	92	3	56	1.3	36
2017-10-26	202	153	123	3	69	1.6	25
2017-10-27	221	170	123	3	68	1.6	46
2017-10-28	62	43	55	2	27	0.7	55
2017-10-29	33	8	23	3	28	0.4	57
2017-10-30	58	19	44	3	47	0.6	46
2017-10-31	91	62	105	5	73	1	9
2017-11-01	98	65	100	3	79	1.1	31
2017-11-02	71	52	87	6	57	1	56
2017-11-03	37	8	28	2	31	0.4	62
2017-11-04	67	38	64	5	55	0.8	47
2017-11-05	130	101	120	6	71	1.3	37
2017-11-06	201	152	144	5	71	1.5	56
2017-11-07	111	81	99	3	44	1	66
2017-11-08	63	20	45	6	52	0.8	30
2017-11-09	78	53	94	6	65	1.4	22
2017-11-10	39	7	37	2	15	0.3	58
2017-11-11	46	18	38	4	37	0.5	36
2017-11-12	78	56	93	6	64	1	15
2017-11-13	60	26	71	3	31	0.6	61
2017-11-14	32	11	32	3	27	0.5	62
2017-11-15	46	16	38	3	38	0.5	60
2017-11-16	90	58	87	10	73	1.4	19
2017-11-17	55	22	58	4	31	0.7	64
2017-11-18	54	40	62	7	36	0.6	60
2017-11-19	117	89	118	9	73	1.4	17
2017-11-20	135	105	129	10	86	1.9	29
2017-11-21	158	119	158	12	86	2	37
2017-11-22	33	7	31	3	18	0.4	62
2017-11-23	30	7	29	3	21	0.4	52
2017-11-24	47	22	50	7	35	0.6	52
2017-11-25	76	39	74	7	59	1	25
2017-11-26	30	12	30	3	26	0.4	61
2017-11-27	93	70	96	10	72	1.4	13
2017-11-28	64	37	76	4	38	0.9	64
2017-11-29	43	14	36	4	36	0.5	43
2017-11-30	55	26	52	7	44	0.8	17
2017-12-01	87	73	106	11	71	1.2	0
2017-12-02	162	152	220	17	108	2	0
2017-12-03	254	48	77	6	39	3	0
2017-12-04	28	6	22	2	18	0.5	0
2017-12-05	77	25	51	6	49	1	0
2017-12-06	82	23	52	7	42	1	0
2017-12-07	29	9	28	5	21	0.3	0
2017-12-08	28	23	48	6	49	0.5	0
2017-12-09	77	34	63	8	64	1.4	0
2017-12-10	30	7	46	3	15	0.3	0
2017-12-11	39	6	21	3	17	0.5	0
2017-12-12	23	14	27	5	33	0.3	0
2017-12-13	65	32	50	8	54	1	22
2017-12-14	97	74	87	19	71	1.9	13
2017-12-15	51	33	55	7	34	0.9	57
2017-12-16	41	8	39	3	13	0.3	64
2017-12-17	68	28	52	7	54	0.9	56
2017-12-18	47	12	47	4	21	0.5	63
2017-12-19	65	37	72	9	52	0.9	33
2017-12-20	53	20	43	5	42	0.6	64
2017-12-21	98	53	77	13	78	1.4	20
2017-12-22	72	36	61	9	57	1.2	62
2017-12-23	79	32	57	11	63	1	19
2017-12-24	49	13	49	4	16	0.5	73
2017-12-25	62	31	50	10	49	0.7	43
2017-12-26	59	25	44	7	48	0.7	47
2017-12-27	99	76	89	11	71	1.5	15
2017-12-28	143	109	110	13	70	1.9	19
2017-12-29	225	175	168	6	86	2.9	11
2017-12-30	145	111	118	5	62	2	52
2017-12-31	64	32	67	6	51	1	35
2018-01-01	57	34	63	9	44	1	38
2018-01-02	50	28	50	7	33	0.8	46
2018-01-03	28	11	28	5	21	0.4	51
2018-01-04	40	15	30	4	32	0.5	39
2018-01-05	63	32	54	8	50	0.9	36
2018-01-06	48	16	30	5	38	0.5	48
2018-01-07	54	38	57	10	43	0.8	50
2018-01-08	55	12	60	4	11	0.3	61
2018-01-09	35	7	35	3	13	0.3	63
2018-01-10	32	6	21	3	9	0.3	63
2018-01-11	32	13	25	5	25	0.5	55
2018-01-12	87	61	81	11	69	1.3	21
2018-01-13	139	106	122	15	79	1.7	17
2018-01-14	176	133	137	12	71	1.7	41
2018-01-15	59	32	58	8	47	0.9	42
2018-01-16	114	45	177	5	42	0.7	55
2018-01-17	77	42	104	8	49	1	62
2018-01-18	93	63	105	11	74	1.2	19
2018-01-19	108	81	122	13	73	1.5	36
2018-01-20	63	31	75	9	48	0.8	32
2018-01-21	64	37	77	19	44	1.2	29
2018-01-22	47	22	47	4	25	0.6	65
2018-01-23	32	11	32	4	15	0.4	60
2018-01-24	35	17	33	5	28	0.4	65
2018-01-25	33	9	23	4	26	0.4	62
2018-01-26	53	29	41	8	42	0.6	42
2018-01-27	112	84	95	14	67	1.4	14
2018-01-28	59	11	67	3	15	0.4	66
2018-01-29	56	8	61	3	20	0.4	67
2018-01-30	36	11	36	6	24	0.4	68
2018-01-31	62	22	74	7	29	0.5	65
2018-02-01	68	30	85	10	36	0.7	64
2018-02-02	34	8	30	5	11	0.3	68
2018-02-03	32	8	21	5	20	0.4	64
2018-02-04	40	19	36	8	32	0.5	55
2018-02-05	34	7	18	3	15	0.3	67
2018-02-06	65	47	61	13	51	0.9	43
2018-02-07	51	33	52	8	31	0.6	76
2018-02-08	73	53	76	12	53	0.9	49
2018-02-09	80	40	109	8	32	0.7	74
2018-02-10	44	10	44	3	12	0.3	74
2018-02-11	67	9	84	2	6	0.3	73
2018-02-12	53	12	56	4	15	0.4	73
2018-02-13	79	58	79	13	57	1.1	50
2018-02-14	37	13	33	3	18	0.4	74
2018-02-15	73	53	66	10	22	0.5	80
2018-02-16	107	80	101	14	24	0.6	85
2018-02-17	109	82	92	10	35	1.3	49
2018-02-18	152	116	109	14	46	1.7	80
2018-02-19	188	141	131	24	42	2	69
2018-02-20	63	45	42	6	21	0.7	85
2018-02-21	48	33	43	6	26	0.6	81
2018-02-22	45	18	45	6	29	0.5	77
2018-02-23	52	23	54	6	29	0.6	79
2018-02-24	62	30	74	10	21	0.6	65
2018-02-25	82	60	71	10	43	0.8	66
2018-02-26	162	123	121	21	69	1.5	86
2018-02-27	218	168	170	12	51	1.8	66
2018-02-28	115	87	116	9	34	1	74
2018-03-01	50	17	50	4	17	0.3	80
2018-03-02	103	77	103	18	51	1	65
2018-03-03	215	165	189	18	72	1.8	52
2018-03-04	124	57	198	7	35	0.8	46
2018-03-05	90	48	130	9	41	0.8	65
2018-03-06	64	46	65	10	38	0.9	64
2018-03-07	65	47	64	8	47	0.7	44
2018-03-08	61	43	72	6	34	0.7	70
2018-03-09	135	103	106	12	66	1.2	73
2018-03-10	153	117	125	14	58	1.4	101
2018-03-11	84	62	69	16	45	1.3	59
2018-03-12	189	142	137	10	69	1.6	84
2018-03-13	283	233	189	10	92	2	139
2018-03-14	276	226	176	16	73	2.4	78
2018-03-15	61	20	72	3	16	0.4	87
2018-03-16	55	32	60	7	28	0.5	87
2018-03-17	83	61	60	4	57	0.9	27
2018-03-18	135	103	71	3	51	0.9	81
2018-03-19	93	69	59	4	43	0.8	88
2018-03-20	40	23	39	4	32	0.5	80
2018-03-21	79	58	82	8	51	0.8	68
2018-03-22	110	83	100	7	61	0.9	88
2018-03-23	138	105	126	10	82	1.3	59
2018-03-24	117	88	99	9	58	1.1	108
2018-03-25	74	54	89	7	54	0.6	117
2018-03-26	150	115	133	12	70	1	129
2018-03-27	233	183	182	11	94	1.3	109
2018-03-28	0	0	0	6	47	0.8	69
2018-03-29	107	37	164	12	42	0.8	80
2018-03-30	66	39	81	7	50	0.6	96
2018-03-31	128	97	146	12	77	1	110
2018-04-01	213	163	198	14	74	1.4	185
2018-04-02	256	206	225	9	63	1.6	143
2018-04-03	69	12	87	2	15	0.2	80
2018-04-04	39	22	20	2	31	0.4	59
2018-04-05	73	50	95	2	25	0.5	42
2018-04-06	59	14	68	2	8	0.2	83
2018-04-07	47	18	47	4	22	0.3	89
2018-04-08	66	38	82	6	45	0.5	82
2018-04-09	108	81	118	20	59	1.3	105
2018-04-10	80	47	109	7	37	0.8	82
2018-04-11	54	18	57	4	35	0.3	97
2018-04-12	76	29	102	9	37	0.6	94
2018-04-13	63	37	57	8	50	1.1	47
2018-04-14	113	26	175	2	12	0.3	93
2018-04-15	64	23	77	4	28	0.3	101
2018-04-16	101	67	152	9	45	0.6	143
2018-04-17	126	89	201	9	39	0.8	145
2018-04-18	133	101	197	7	45	0.8	160
2018-04-19	147	112	179	9	46	0.9	187
2018-04-20	150	115	146	11	41	1.3	211
2018-04-21	85	63	67	3	31	0.9	71
2018-04-22	36	10	18	2	19	0.3	71
2018-04-23	49	16	29	2	26	0.4	97
2018-04-24	56	18	33	2	35	0.4	107
2018-04-25	77	31	61	4	42	0.5	132
2018-04-26	113	85	103	6	50	0.7	153
2018-04-27	107	39	163	4	36	0.5	129
2018-04-28	133	88	159	6	51	0.7	196
2018-04-29	176	133	156	8	55	1	155
2018-04-30	60	26	62	4	23	0.6	111
2018-05-01	111	38	171	2	30	0.4	77
2018-05-02	46	15	38	2	21	0.3	92
2018-05-03	50	14	50	3	27	0.3	100
2018-05-04	100	56	105	8	52	0.6	159
2018-05-05	0	0	0	4	45	0.5	79
2018-05-06	112	55	174	4	39	0.5	136
2018-05-07	92	51	124	7	42	0.7	150
2018-05-08	81	28	75	4	36	0.5	137
2018-05-09	106	43	92	7	46	0.6	166
2018-05-10	130	85	131	11	58	0.9	192
2018-05-11	100	75	100	6	48	0.8	101
2018-05-12	169	128	115	4	40	1.4	149
2018-05-13	105	45	76	3	37	0.5	165
2018-05-14	158	106	130	6	41	1.1	223
2018-05-15	83	61	92	4	40	1	125
2018-05-16	138	105	83	5	34	1.7	164
2018-05-17	54	38	54	3	27	0.9	73
2018-05-18	84	21	44	4	28	0.5	140
2018-05-19	97	35	63	5	39	0.7	156
2018-05-20	54	37	42	3	28	0.7	104
2018-05-21	79	58	38	2	34	0.9	49
2018-05-22	96	42	141	2	23	0.4	90
2018-05-23	130	52	209	5	38	0.5	138
2018-05-24	135	47	120	7	48	0.7	198
2018-05-25	144	55	118	6	37	0.7	208
2018-05-26	0	0	0	4	33	0.7	128
2018-05-27	83	40	116	3	31	0.3	128
2018-05-28	0	0	0	2	23	0.2	87
2018-05-29	55	13	50	2	31	0.3	105
2018-05-30	85	12	34	3	32	0.3	142
2018-05-31	137	26	65	5	43	0.5	200
2018-06-01	114	25	62	3	44	0.4	175
2018-06-02	178	45	97	8	47	0.7	243
2018-06-03	81	49	112	4	37	0.6	115
2018-06-04	93	27	82	3	37	0.4	151
2018-06-05	147	35	106	6	39	0.5	211
2018-06-06	158	45	130	8	41	0.7	223
2018-06-07	84	19	51	3	22	0.4	140
2018-06-08	80	14	42	2	30	0.4	135
2018-06-09	49	20	37	2	26	0.5	97
2018-06-10	95	31	31	2	21	0.6	153
2018-06-11	89	58	58	2	28	0.8	146
2018-06-12	125	77	75	3	39	0.9	187
2018-06-13	59	42	41	3	30	0.8	93
2018-06-14	111	23	37	3	33	0.6	172
2018-06-15	120	72	63	5	26	1.3	181
2018-06-16	126	73	75	3	26	0.9	188
2018-06-17	87	41	43	2	25	0.7	144
2018-06-18	131	72	71	3	31	0.8	194
2018-06-19	104	47	65	4	25	0.9	164
2018-06-20	86	35	45	3	30	0.6	143
2018-06-21	142	24	56	6	33	0.7	206
2018-06-22	89	55	82	6	46	1	146
2018-06-23	190	50	76	4	29	0.7	255
2018-06-24	164	48	83	4	28	0.7	229
2018-06-25	111	73	104	5	38	1	172
2018-06-26	144	110	95	4	32	1.5	202
2018-06-27	44	24	43	3	32	0.4	87
2018-06-28	59	8	22	3	23	0.3	110
2018-06-29	95	16	50	2	40	0.4	153
2018-06-30	165	29	67	5	31	0.8	230
2018-07-01	107	44	49	4	24	0.9	167
2018-07-02	96	39	49	3	21	0.7	155
2018-07-03	109	49	46	3	22	0.7	169
2018-07-04	152	52	69	3	29	0.8	217
2018-07-05	156	61	92	3	33	1	221
2018-07-06	150	32	50	3	23	0.8	215
2018-07-07	65	47	45	3	25	0.8	46
2018-07-08	98	48	37	3	21	0.8	157
2018-07-09	93	69	62	3	27	0.8	75
2018-07-10	46	30	31	3	20	0.6	92
2018-07-11	40	27	25	3	32	0.6	62
2018-07-12	43	30	24	3	29	0.6	71
2018-07-13	55	39	42	3	35	0.8	98
2018-07-14	99	46	39	3	21	0.7	158
2018-07-15	103	53	51	3	26	0.8	163
2018-07-16	33	23	30	3	24	0.7	62
2018-07-17	32	18	12	3	25	0.6	57
2018-07-18	99	74	59	3	25	1.2	106
2018-07-19	84	62	50	3	29	0.8	117
2018-07-20	95	71	66	3	20	0.9	154
2018-07-21	116	61	68	3	19	0.8	177
2018-07-22	55	39	41	3	25	0.7	96
2018-07-23	89	46	53	3	23	0.8	146
2018-07-24	28	14	18	3	17	0.5	55
2018-07-25	48	9	15	3	16	0.4	96
2018-07-26	85	10	28	3	23	0.5	141
2018-07-27	83	43	50	3	21	1	139
2018-07-28	114	49	55	3	19	1	175
2018-07-29	130	65	78	3	24	1.1	192
2018-07-30	126	64	74	3	26	1	188
2018-07-31	145	56	73	3	28	1	209
2018-08-01	149	52	77	3	25	1	213
2018-08-02	135	74	90	3	23	1.3	198
2018-08-03	120	47	69	2	25	0.9	182
2018-08-04	152	56	86	3	27	1	217
2018-08-05	73	30	48	3	19	0.7	127
2018-08-06	46	32	44	4	28	1.2	56
2018-08-07	78	55	54	3	24	1.1	133
2018-08-08	38	20	21	3	20	0.8	75
2018-08-09	95	26	30	2	26	0.9	154
2018-08-10	135	32	42	2	26	0.8	198
2018-08-11	76	41	43	3	22	1	131
2018-08-12	68	49	39	2	21	1	95
2018-08-13	76	41	37	2	20	0.9	131
2018-08-14	35	23	29	2	19	0.7	70
2018-08-15	45	13	25	2	24	0.5	89
2018-08-16	81	12	27	2	23	0.3	137
2018-08-17	137	28	57	2	36	0.6	200
2018-08-18	45	13	20	3	22	0.4	90
2018-08-19	38	18	31	3	28	0.6	75
2018-08-20	78	21	32	2	22	0.7	133
2018-08-21	51	11	27	2	25	0.4	101
2018-08-22	54	17	47	2	43	0.6	60
2018-08-23	68	15	36	2	31	0.5	121
2018-08-24	54	11	31	2	29	0.4	104
2018-08-25	121	27	60	3	29	0.6	183
2018-08-26	125	53	82	3	28	0.8	187
2018-08-27	124	56	79	5	30	1	186
2018-08-28	92	53	67	3	32	0.9	150
2018-08-29	53	8	21	2	22	0.4	103
2018-08-30	39	14	34	3	30	0.6	77
2018-08-31	86	13	28	3	26	0.5	143
2018-09-01	88	44	50	3	30	0.9	145
2018-09-02	67	41	34	2	19	0.8	120
2018-09-03	42	29	28	2	19	0.5	78
2018-09-04	43	7	19	2	24	0.3	86
2018-09-05	62	11	33	3	31	0.4	114
2018-09-06	35	8	35	2	19	0.3	68
2018-09-07	34	5	18	2	17	0.3	68
2018-09-08	42	8	23	2	27	0.3	84
2018-09-09	75	24	56	4	41	0.5	129
2018-09-10	75	43	74	6	52	0.9	129
2018-09-11	80	43	68	5	41	0.8	135
2018-09-12	103	47	58	4	37	0.8	163
2018-09-13	110	80	97	4	49	0.9	170
2018-09-14	132	100	109	5	50	1	157
2018-09-15	30	14	23	2	20	0.4	59
2018-09-16	42	8	26	3	30	0.3	83
2018-09-17	52	12	40	3	41	0.4	72
2018-09-18	63	20	55	3	50	0.5	56
2018-09-19	74	28	63	3	59	0.7	42
2018-09-20	64	45	70	3	50	0.7	116
2018-09-21	45	15	45	2	29	0.3	62
2018-09-22	34	6	25	2	18	0.2	68
2018-09-23	30	5	25	2	22	0.3	59
2018-09-24	36	8	25	3	28	0.3	72
2018-09-25	48	22	48	4	36	0.6	90
2018-09-26	54	34	57	3	40	0.6	93
2018-09-27	89	66	80	5	59	0.9	68
2018-09-28	75	55	42	3	35	0.8	83
2018-09-29	32	6	13	3	24	0.3	64
2018-09-30	30	5	18	3	21	0.3	59
2018-10-01	40	8	21	3	19	0.3	80
2018-10-02	44	11	29	3	35	0.4	81
2018-10-03	53	13	34	3	42	0.5	82
2018-10-04	74	46	74	8	56	1	128
2018-10-05	109	82	87	7	56	1.2	123
2018-10-06	33	8	21	3	18	0.3	66
2018-10-07	49	10	36	2	39	0.4	67
2018-10-08	42	9	34	2	33	0.4	73
2018-10-09	26	4	19	3	15	0.2	51
2018-10-10	33	7	22	3	26	0.3	52
2018-10-11	47	12	31	2	37	0.3	59
2018-10-12	73	40	73	4	58	0.6	72
2018-10-13	113	85	104	6	75	1	90
2018-10-14	189	142	143	6	77	1.2	114
2018-10-15	203	153	126	5	69	1.4	55
2018-10-16	83	61	38	3	37	0.9	74
2018-10-17	53	32	51	2	42	0.6	63
2018-10-18	67	31	50	3	53	0.6	64
2018-10-19	73	43	56	3	58	0.7	79
2018-10-20	88	65	75	5	68	0.8	81
2018-10-21	152	116	111	7	85	1.4	56
2018-10-22	158	120	116	5	58	1.2	72
2018-10-23	45	15	43	2	36	0.4	58
2018-10-24	85	45	95	4	68	0.9	37
2018-10-25	112	84	123	9	74	1.5	29
2018-10-26	45	5	45	3	11	0.2	56
2018-10-27	33	10	32	3	26	0.3	57
2018-10-28	36	4	29	2	11	0.2	72
2018-10-29	31	5	20	2	21	0.3	62
2018-10-30	49	11	33	3	39	0.4	65
2018-10-31	62	23	51	4	49	0.8	45
2018-11-01	80	51	77	6	64	0.9	58
2018-11-02	152	116	126	8	96	1.5	31
2018-11-03	211	161	148	8	89	1.7	81
2018-11-04	102	76	69	3	48	0.8	23
2018-11-05	47	20	27	2	37	0.5	30
2018-11-06	50	14	31	3	40	0.5	40
2018-11-07	65	28	55	4	52	0.7	16
2018-11-08	94	70	101	6	73	1.2	14
2018-11-09	54	31	58	3	41	0.6	61
2018-11-10	50	13	38	3	40	0.4	37
2018-11-11	72	46	80	5	57	0.7	49
2018-11-12	132	100	119	7	75	1.2	33
2018-11-13	230	180	159	6	78	1.7	33
2018-11-14	270	220	164	4	75	2.2	37
2018-11-15	84	62	57	3	32	0.8	52
2018-11-16	39	14	28	3	31	0.4	52
2018-11-17	78	44	76	7	62	0.8	24
2018-11-18	64	30	77	5	42	0.7	63
2018-11-19	83	47	92	10	66	1.1	17
2018-11-20	69	40	87	6	54	0.8	50
2018-11-21	49	21	49	4	35	0.5	55
2018-11-22	68	28	64	6	54	0.7	37
2018-11-23	93	69	98	13	66	1.4	13
2018-11-24	123	93	106	9	63	1.2	46
2018-11-25	119	90	112	8	73	1.4	24
2018-11-26	266	216	231	11	105	2.4	15
2018-11-27	163	50	275	3	31	0.5	61
2018-11-28	116	56	181	15	68	1.3	12
2018-11-29	101	58	152	14	65	1.6	17
2018-11-30	123	93	184	12	83	1.9	16
2018-12-01	175	132	199	10	82	2	30
2018-12-02	232	182	227	7	85	2.6	5
2018-12-03	0	0	0	3	21	0.5	57
2018-12-04	61	14	71	3	25	0.4	58
2018-12-05	77	39	103	10	59	1.1	8
2018-12-06	37	9	37	3	15	0.4	54
2018-12-07	38	6	38	3	12	0.3	56
2018-12-08	36	11	36	3	22	0.3	60
2018-12-09	73	41	71	9	58	0.9	26
2018-12-10	83	58	89	12	66	1.1	18
2018-12-11	52	21	54	6	32	0.6	52
2018-12-12	73	31	64	7	58	0.8	31
2018-12-13	49	13	40	5	39	0.5	58
2018-12-14	83	48	76	11	66	1	23
2018-12-15	120	91	116	14	85	1.5	12
2018-12-16	88	65	107	8	59	1.2	54
2018-12-17	57	25	53	6	45	0.6	53
2018-12-18	67	27	58	6	53	0.8	53
2018-12-19	78	34	72	8	62	1	25
2018-12-20	93	51	93	11	74	1.2	10
2018-12-21	94	70	117	12	70	1.3	43
2018-12-22	66	34	82	7	41	0.8	53
2018-12-23	52	13	53	3	22	0.4	58
2018-12-24	78	51	93	10	62	1	19
2018-12-25	58	27	66	7	35	0.7	55
2018-12-26	33	9	26	4	26	0.4	50
2018-12-27	51	7	52	4	10	0.3	54
2018-12-28	39	9	39	4	19	0.4	50
2018-12-29	33	10	28	5	26	0.4	52
2018-12-30	47	15	32	4	37	0.5	42
2018-12-31	70	38	59	10	56	0.9	20
2019-01-01	45	28	45	8	34	0.7	47
2019-01-02	78	57	75	12	56	1	28
2019-01-03	162	123	136	21	82	1.9	12
2019-01-04	40	18	40	5	26	0.5	61
2019-01-05	47	17	34	7	37	0.5	49
2019-01-06	88	64	95	12	70	1.4	13
2019-01-07	55	34	54	9	44	0.9	52
2019-01-08	35	10	29	4	28	0.5	62
2019-01-09	74	41	66	12	59	0.9	26
2019-01-10	100	75	113	14	79	1.5	17
2019-01-11	135	103	130	15	80	1.7	21
2019-01-12	267	217	212	14	101	2.7	14
2019-01-13	169	128	183	6	64	1.7	58
2019-01-14	137	104	143	8	72	1.7	46
2019-01-15	54	9	57	4	18	0.3	61
2019-01-16	73	38	74	10	58	0.9	37
2019-01-17	78	45	77	13	62	1.2	34
2019-01-18	94	64	105	15	75	1.4	18
2019-01-19	33	11	33	5	24	0.5	59
2019-01-20	33	9	29	3	19	0.3	66
2019-01-21	57	24	63	6	44	0.6	62
2019-01-22	64	28	70	7	51	0.9	54
2019-01-23	60	23	53	6	48	0.7	56
2019-01-24	79	58	75	12	53	1.2	41
2019-01-25	32	10	32	4	21	0.5	61
2019-01-26	44	25	40	5	35	0.6	50
2019-01-27	76	49	102	9	45	1	67
2019-01-28	56	35	61	6	33	0.6	59
2019-01-29	139	106	140	17	76	1.5	24
2019-01-30	63	28	75	5	22	0.6	61
2019-01-31	30	13	27	5	20	0.5	59
2019-02-01	68	42	85	7	49	0.9	54
2019-02-02	142	108	137	8	55	1.4	29
2019-02-03	104	40	157	3	14	0.4	77
2019-02-04	78	46	106	6	27	0.8	58
2019-02-05	139	97	227	10	26	0.9	49
2019-02-06	78	53	105	14	22	1.1	57
2019-02-07	35	8	29	3	11	0.4	69
2019-02-08	46	25	46	6	18	0.5	64
2019-02-09	32	9	21	4	13	0.3	63
2019-02-10	39	27	39	6	24	0.5	52
2019-02-11	51	35	51	8	30	0.7	67
2019-02-12	52	30	54	7	25	0.8	52
2019-02-13	38	23	38	3	23	0.6	69
2019-02-14	72	52	60	5	32	0.9	47
2019-02-15	35	8	21	3	10	0.3	70
2019-02-16	38	8	19	3	13	0.3	75
2019-02-17	36	14	25	4	25	0.4	71
2019-02-18	59	31	42	7	47	0.7	45
2019-02-19	118	89	89	5	37	1	67
2019-02-20	64	46	39	5	32	0.6	74
2019-02-21	129	98	63	5	53	1.2	81
2019-02-22	132	100	85	6	61	1.3	60
2019-02-23	180	136	74	9	66	1.6	93
2019-02-24	104	78	41	6	49	1	77
2019-02-25	70	51	75	9	49	1	67
2019-02-26	73	52	79	10	58	0.9	58
2019-02-27	120	91	106	8	60	1.1	76
2019-02-28	109	82	102	7	55	1	87
2019-03-01	158	120	126	8	62	1.2	103
2019-03-02	233	183	155	9	65	1.4	131
2019-03-03	213	163	160	10	62	1.4	104
2019-03-04	143	109	107	6	54	1.1	91
2019-03-05	114	86	66	5	42	0.9	87
2019-03-06	42	8	22	2	16	0.3	84
2019-03-07	48	20	44	4	38	0.5	80
2019-03-08	79	58	103	9	59	0.8	88
2019-03-09	113	85	121	9	61	0.8	65
2019-03-10	145	111	133	5	55	1	70
2019-03-11	41	22	36	3	24	0.5	82
2019-03-12	39	4	26	2	11	0.3	77
2019-03-13	39	8	29	2	23	0.3	78
2019-03-14	43	7	43	3	23	0.3	79
2019-03-15	48	11	48	3	17	0.3	79
2019-03-16	56	23	61	4	38	0.5	76
2019-03-17	74	49	98	7	51	0.7	104
2019-03-18	134	102	144	10	74	0.9	112
2019-03-19	163	124	168	9	74	1	130
2019-03-20	85	63	101	5	39	0.7	83
2019-03-21	40	5	25	2	11	0.3	79
2019-03-22	41	7	32	2	18	0.2	82
2019-03-23	41	11	33	3	14	0.3	81
2019-03-24	69	36	87	6	44	0.4	79
2019-03-25	56	21	61	3	39	0.5	94
2019-03-26	85	47	120	9	44	0.8	85
2019-03-27	91	63	132	7	52	0.9	79
2019-03-28	58	24	65	7	28	0.5	61
2019-03-29	71	22	92	4	30	0.4	76
2019-03-30	40	5	26	3	9	0.2	79
2019-03-31	42	8	30	2	25	0.3	83
2019-04-01	45	13	40	2	30	0.4	89
2019-04-02	58	30	66	6	40	0.6	88
2019-04-03	78	57	86	8	50	0.6	128
2019-04-04	90	67	124	7	54	0.6	126
2019-04-05	171	40	292	3	25	0.3	84
2019-04-06	131	39	212	6	36	0.5	89
2019-04-07	75	40	99	8	40	0.6	94
2019-04-08	61	29	71	12	35	0.9	83
2019-04-09	39	24	39	3	22	0.5	70
2019-04-10	48	26	39	3	28	0.4	95
2019-04-11	65	47	68	2	37	0.4	105
2019-04-12	85	63	86	4	41	0.6	114
2019-04-13	109	82	87	4	38	0.6	92
2019-04-14	57	17	63	3	24	0.3	101
2019-04-15	74	43	97	6	42	0.5	114
2019-04-16	101	72	109	7	37	0.6	161
2019-04-17	138	105	137	9	54	1	189
2019-04-18	107	38	163	3	20	0.4	91
2019-04-19	61	20	72	3	27	0.4	86
2019-04-20	57	40	61	2	43	0.5	39
2019-04-21	112	59	174	5	41	0.8	105
2019-04-22	126	94	133	5	42	0.9	188
2019-04-23	124	94	69	2	30	0.7	104
2019-04-24	60	43	44	2	26	0.6	57
2019-04-25	49	9	21	3	16	0.2	97
2019-04-26	60	19	27	3	18	0.3	111
2019-04-27	54	38	38	3	27	0.4	79
2019-04-28	65	47	37	3	23	0.5	88
2019-04-29	139	106	85	3	38	0.9	126
2019-04-30	74	35	98	2	23	0.4	96
2019-05-01	60	13	38	3	28	0.3	111
2019-05-02	85	23	57	3	37	0.3	141
2019-05-03	108	53	93	7	44	0.6	168
2019-05-04	126	49	84	7	29	0.5	188
2019-05-05	52	22	54	2	15	0.2	96
2019-05-06	56	19	38	2	27	0.3	107
2019-05-07	65	23	52	3	32	0.3	118
2019-05-08	69	47	87	5	47	0.5	103
2019-05-09	81	37	68	3	39	0.5	137
2019-05-10	124	51	99	6	48	0.6	186
2019-05-11	138	71	97	6	41	0.8	201
2019-05-12	117	88	174	5	27	0.8	94
2019-05-13	60	19	69	3	21	0.3	102
2019-05-14	101	54	121	7	49	0.6	161
2019-05-15	134	91	208	10	49	1.1	197
2019-05-16	116	67	141	4	39	0.7	177
2019-05-17	112	81	115	3	34	0.8	173
2019-05-18	54	38	41	2	26	0.6	80
2019-05-19	58	30	65	3	15	0.3	82
2019-05-20	47	12	46	2	19	0.3	93
2019-05-21	61	14	39	2	35	0.4	113
2019-05-22	94	21	55	2	52	0.5	152
2019-05-23	195	27	71	4	45	0.6	260
2019-05-24	130	45	111	6	54	0.7	192
2019-05-25	175	49	115	6	44	0.7	240
2019-05-26	64	36	77	4	25	0.8	90
2019-05-27	48	6	15	3	14	0.2	96
2019-05-28	80	12	36	3	32	0.3	135
2019-05-29	144	21	51	3	33	0.4	208
2019-05-30	61	20	54	4	24	0.3	113
2019-05-31	60	10	33	3	23	0.3	112
2019-06-01	104	30	74	4	40	0.5	164
2019-06-02	141	45	79	4	38	0.7	205
2019-06-03	124	28	55	2	26	0.5	186
2019-06-04	98	60	70	7	26	1.2	157
2019-06-05	75	47	62	3	35	0.9	129
2019-06-06	73	53	54	3	41	0.9	109
2019-06-07	117	62	60	2	21	0.7	178
2019-06-08	80	34	47	2	22	0.5	136
2019-06-09	49	6	20	3	17	0.3	98
2019-06-10	97	29	54	2	27	0.6	156
2019-06-11	175	51	62	5	24	0.9	240
2019-06-12	156	35	56	7	27	0.9	221
2019-06-13	127	23	43	2	25	0.6	189
2019-06-14	87	31	56	3	33	0.6	144
2019-06-15	123	21	52	6	26	0.7	185
2019-06-16	36	25	32	3	23	0.6	58
2019-06-17	97	51	51	3	31	0.9	156
2019-06-18	186	60	65	3	28	0.8	251
2019-06-19	154	74	90	6	21	1.2	219
2019-06-20	179	61	82	3	30	0.8	244
2019-06-21	101	51	79	6	28	1	161
2019-06-22	117	22	56	2	32	0.4	178
2019-06-23	193	40	88	8	35	0.8	258
2019-06-24	166	36	74	5	33	0.7	231
2019-06-25	187	46	102	7	30	0.8	252
2019-06-26	188	43	83	6	25	0.8	253
2019-06-27	170	48	76	5	27	0.8	235
2019-06-28	120	27	40	2	18	0.6	181
2019-06-29	55	14	28	3	16	0.4	105
2019-06-30	47	5	18	3	14	0.3	93
2019-07-01	67	10	30	2	25	0.3	120
2019-07-02	110	24	62	2	34	0.6	170
2019-07-03	119	21	38	3	28	0.5	180
2019-07-04	173	30	72	4	39	0.6	238
2019-07-05	60	27	49	2	34	0.6	112
2019-07-06	33	7	14	3	16	0.3	66
2019-07-07	64	13	21	2	17	0.4	116
2019-07-08	100	25	34	2	25	0.5	159
2019-07-09	50	29	49	2	40	0.6	98
2019-07-10	90	44	47	3	25	0.8	147
2019-07-11	96	28	39	2	23	0.5	155
2019-07-12	144	25	48	2	25	0.5	208
2019-07-13	151	55	77	3	29	0.9	216
2019-07-14	117	15	31	2	17	0.5	178
2019-07-15	162	53	68	3	25	0.8	227
2019-07-16	101	37	51	3	28	0.8	161
2019-07-17	72	52	42	3	29	0.8	69
2019-07-18	130	67	64	2	25	0.9	192
2019-07-19	77	56	61	2	31	0.9	110
2019-07-20	80	59	59	2	32	0.8	70
2019-07-21	146	64	69	2	27	0.8	210
2019-07-22	104	78	99	2	45	1.1	111
2019-07-23	105	24	28	2	17	0.6	165
2019-07-24	109	33	55	3	30	0.7	169
2019-07-25	130	24	52	3	31	0.5	192
2019-07-26	167	40	70	2	24	0.7	232
2019-07-27	167	83	86	3	27	0.9	232
2019-07-28	113	55	59	3	16	0.8	174
2019-07-29	43	14	13	3	22	0.5	86
2019-07-30	114	27	33	3	20	0.6	175
2019-07-31	142	22	43	3	27	0.7	206
2019-08-01	150	24	54	2	23	0.7	214
2019-08-02	83	29	36	5	21	0.8	139
2019-08-03	117	35	44	3	26	0.7	178
2019-08-04	65	40	45	3	28	0.9	117
2019-08-05	51	30	27	3	21	0.7	101
2019-08-06	91	46	47	2	24	0.7	149
2019-08-07	96	17	23	3	21	0.6	155
2019-08-08	123	33	46	2	28	0.7	185
2019-08-09	75	40	45	2	23	0.7	129
2019-08-10	61	23	25	3	26	0.6	113
2019-08-11	28	15	20	2	22	0.6	38
2019-08-12	39	6	16	2	15	0.4	78
2019-08-13	39	5	16	3	16	0.4	78
2019-08-14	44	11	28	2	28	0.5	88
2019-08-15	117	15	38	2	29	0.5	178
2019-08-16	39	6	18	2	16	0.3	78
2019-08-17	39	11	24	2	26	0.4	78
2019-08-18	86	15	45	2	33	0.5	143
2019-08-19	132	40	80	3	36	0.7	195
2019-08-20	70	51	54	3	30	0.8	88
2019-08-21	46	26	27	4	25	0.6	92
2019-08-22	43	14	32	3	34	0.6	83
2019-08-23	43	10	31	3	34	0.5	80
2019-08-24	100	15	43	3	32	0.5	159
2019-08-25	94	23	52	2	30	0.6	152
2019-08-26	102	76	90	2	39	0.9	123
2019-08-27	46	28	32	2	31	0.5	91
2019-08-28	34	4	25	2	21	0.3	67
2019-08-29	36	3	15	3	16	0.3	71
2019-08-30	45	6	21	2	20	0.3	89
2019-08-31	86	12	37	2	28	0.4	143
2019-09-01	100	20	51	3	32	0.4	160
2019-09-02	128	26	59	2	34	0.5	190
2019-09-03	178	48	83	3	39	0.7	243
2019-09-04	143	52	79	3	39	0.8	207
2019-09-05	149	45	72	2	34	0.6	213
2019-09-06	178	49	83	3	40	0.7	243
2019-09-07	150	45	74	3	36	0.7	215
2019-09-08	127	34	72	3	36	0.6	189
2019-09-09	147	65	92	7	31	1.3	211
2019-09-10	33	10	11	3	19	0.5	65
2019-09-11	40	15	26	5	32	0.7	47
2019-09-12	38	20	31	2	25	0.5	75
2019-09-13	35	22	23	2	22	0.5	69
2019-09-14	50	11	26	3	27	0.4	100
2019-09-15	68	27	53	2	38	0.5	121
2019-09-16	61	17	44	3	28	0.5	113
2019-09-17	83	29	60	3	30	0.6	139
2019-09-18	41	6	26	3	21	0.3	82
2019-09-19	56	24	61	3	41	0.5	90
2019-09-20	74	37	70	3	41	0.7	128
2019-09-21	120	58	78	5	37	1.1	182
2019-09-22	119	77	72	4	31	1.3	180
2019-09-23	51	29	40	3	35	0.6	101
2019-09-24	61	12	35	3	28	0.4	113
2019-09-25	100	23	53	3	37	0.6	160
2019-09-26	127	34	56	2	35	0.7	189
2019-09-27	95	51	57	3	31	0.8	154
2019-09-28	127	57	67	2	32	0.8	189
2019-09-29	137	59	76	2	35	0.9	200
2019-09-30	104	71	96	3	32	0.9	164
2019-10-01	70	51	79	3	23	0.8	0
2019-10-02	70	51	69	3	24	0.9	0
2019-10-03	89	56	82	2	22	0.8	146
2019-10-04	27	11	27	2	12	0.4	47
2019-10-05	23	6	16	2	18	0.3	0
2019-10-06	47	23	33	2	37	0.4	0
2019-10-07	54	38	52	2	35	0.6	0
2019-10-08	29	7	23	3	22	0.3	58
2019-10-09	55	31	55	4	44	0.5	69
2019-10-10	67	48	44	2	31	0.5	49
2019-10-11	59	42	57	4	45	0.8	35
2019-10-12	72	28	72	15	57	1.4	14
2019-10-13	55	23	51	4	44	0.9	17
2019-10-14	34	9	21	2	27	0.3	53
2019-10-15	49	16	32	2	39	0.4	46
2019-10-16	58	28	44	2	46	0.5	35
2019-10-17	74	54	53	2	51	0.8	8
2019-10-18	82	60	46	2	43	0.8	58
2019-10-19	163	124	86	2	58	1.2	42
2019-10-20	105	79	121	2	42	0.7	60
2019-10-21	55	17	54	3	44	0.5	43
2019-10-22	75	44	98	3	60	0.9	49
2019-10-23	104	78	120	4	67	1.1	95
2019-10-24	90	67	84	2	52	0.9	46
2019-10-25	30	8	20	2	24	0.4	55
2019-10-26	59	30	54	3	47	0.6	36
2019-10-27	73	53	80	3	58	0.8	38
2019-10-28	113	26	175	2	20	0.3	60
2019-10-29	68	32	85	4	54	0.6	44
2019-10-30	93	54	114	3	74	0.8	28
2019-10-31	74	36	84	3	59	0.9	66
2019-11-01	64	25	68	6	51	0.8	36
2019-11-02	64	29	49	2	51	0.7	13
2019-11-03	48	33	48	3	34	0.6	33
2019-11-04	67	48	57	2	44	0.8	34
2019-11-05	59	42	57	3	41	0.8	40
2019-11-06	73	46	71	2	58	0.7	19
2019-11-07	47	24	47	3	37	0.5	44
2019-11-08	70	39	73	3	56	0.8	26
2019-11-09	112	84	94	3	67	1	21
2019-11-10	67	31	84	2	23	0.4	60
2019-11-11	54	17	53	2	43	0.5	51
2019-11-12	92	50	92	6	73	0.9	18
2019-11-13	55	9	59	3	14	0.2	63
2019-11-14	62	25	57	5	49	0.6	22
2019-11-15	64	35	78	6	51	0.9	17
2019-11-16	65	47	80	9	52	1.3	13
2019-11-17	119	52	188	5	34	0.8	54
2019-11-18	74	19	98	2	20	0.3	53
2019-11-19	56	20	62	2	32	0.4	49
2019-11-20	87	61	124	8	69	0.9	15
2019-11-21	119	90	158	9	78	1.6	6
2019-11-22	183	138	181	9	94	2.4	5
2019-11-23	175	132	137	6	69	1.6	34
2019-11-24	30	7	30	3	11	0.2	58
2019-11-25	40	13	30	3	32	0.4	29
2019-11-26	73	38	72	6	58	0.8	14
2019-11-27	34	7	21	3	27	0.3	55
2019-11-28	75	39	69	11	60	1	17
2019-11-29	80	58	74	7	64	1	7
2019-11-30	72	52	39	3	35	0.7	59
2019-12-01	30	11	30	4	17	0.3	60
2019-12-02	30	10	25	3	24	0.3	52
2019-12-03	48	15	43	3	38	0.5	62
2019-12-04	43	13	32	3	34	0.4	65
2019-12-05	48	21	38	4	38	0.7	56
2019-12-06	73	49	67	5	58	0.9	19
2019-12-07	78	52	68	4	62	0.9	29
2019-12-08	189	142	142	3	75	1.7	5
2019-12-09	233	183	183	2	87	2.1	9
2019-12-10	129	98	114	3	51	1.4	56
2019-12-11	29	6	15	2	22	0.3	58
2019-12-12	59	19	37	4	47	0.6	30
2019-12-13	50	21	47	5	40	0.7	58
2019-12-14	57	15	28	3	45	0.5	38
2019-12-15	85	49	75	10	68	1.3	11
2019-12-16	92	68	49	2	65	1.3	7
2019-12-17	28	10	18	2	14	0.3	56
2019-12-18	47	19	27	2	37	0.5	34
2019-12-19	30	11	23	3	24	0.4	53
2019-12-20	60	19	34	3	48	0.6	26
2019-12-21	65	38	51	4	52	0.8	18
2019-12-22	87	63	78	7	69	1.2	18
2019-12-23	67	48	57	5	42	1	46
2019-12-24	109	82	76	4	55	1.3	18
2019-12-25	79	58	57	4	39	1	51
2019-12-26	47	16	47	2	34	0.5	51
2019-12-27	75	39	88	4	60	0.9	16
2019-12-28	103	77	118	9	72	1.6	13
2019-12-29	118	89	110	6	55	1.4	55
2019-12-30	35	8	35	3	10	0.3	52
2019-12-31	48	21	36	5	38	0.5	31
